2000 2000
909 846 207313820
1092 1179 287814642
15 2 70112200
1151 1093 960310184
459 495 461436543
177 261 538867092
1063 993 290547899
1739 1799 524430532
272 291 470736973
1076 1056 38687511
1339 1328 508585372
905 1015 943482109
484 390 697308203
363 396 334751929
1126 1144 997517551
464 569 144270379
1463 1506 562001379
497 562 8097743
481 463 757744438
968 882 973124513
627 761 444278861
520 618 280876998
1335 1342 952266619
247 300 810555016
783 592 690395528
1286 1370 279676810
475 346 385316625
1075 1052 216526493
613 669 581009246
1601 1538 554093838
807 788 418572634
1315 1305 590262379
931 962 989404478
794 730 705718842
1163 1016 540534112
1760 1727 262884205
268 343 67799451
546 480 267227648
538 474 700670635
765 789 768354955
147 186 770187884
808 829 819402782
133 167 989270403
378 437 70127125
61 3 15493160
1916 1961 8307280
165 81 789533470
241 139 109316204
1058 1023 367535498
236 174 225404470
41 136 303949317
1416 1388 310964794
858 842 125457414
1247 1229 413701484
825 798 3251102
67 129 151543598
1826 1769 180599801
993 868 369841321
1056 983 245674607
1581 1594 702281481
1499 1579 871311708
111 78 679753245
53 12 317275193
1772 1879 891221647
770 699 165456760
1964 1871 68368570
1683 1705 520417827
339 420 588578761
1710 1783 393582829
679 750 115592536
1158 1237 527153342
1698 1594 28853091
366 468 565335091
727 508 533063784
1335 1404 724144841
1517 1293 872650070
479 497 844025167
1662 1699 376156587
1907 1830 266818031
419 514 250981427
1930 2000 920781943
472 559 453573741
1248 1276 388032093
1907 1927 233834148
22 51 545124971
39 50 689319749
901 778 181426060
552 537 163536190
1418 1455 580621896
330 504 779934403
451 258 954207199
1258 1352 259825272
673 577 240447103
1610 1568 774520068
1080 1167 796245408
209 227 946498261
67 18 980444882
173 193 20578065
1362 1501 367677450
1617 1546 805068830
366 252 882127987
1889 1911 766402457
1388 1252 50018320
1114 943 451466948
263 301 551366666
1867 1800 457338451
1105 936 949592865
782 813 917708305
1399 1365 502278018
1753 1830 113090876
1812 1784 3639111
1129 1021 781534227
349 400 700531025
501 597 743022421
869 889 450579272
27 194 705599187
159 195 727411770
1679 1810 410610444
618 625 647809052
503 170 242295678
1427 1282 387807882
1991 1899 521708274
1775 1865 678813142
1125 1262 458486747
306 327 807091647
913 1096 870986616
1161 1113 43418785
1374 1303 327294531
578 435 818454507
856 958 646623089
1265 1285 853421955
1936 1892 40145687
909 771 164318536
146 82 93024563
1385 1611 112971959
1083 1019 886312572
1537 1703 385768560
1784 1868 500103463
1954 1794 661259471
551 554 9893960
1700 1719 45586792
1093 1055 955598118
1718 1673 549170221
1851 1978 68044256
1736 1712 608052252
822 812 995604810
855 734 936263356
703 840 720039709
1519 1649 185129887
1063 1126 174682908
28 90 957213874
1595 1544 923554821
1272 1322 31997940
529 430 188506333
367 371 35088428
607 711 98878274
630 627 855425347
1609 1508 810561834
793 790 485547727
722 764 297122656
1779 1831 771205703
230 239 396014703
766 819 953363214
1962 1910 29356603
1175 1200 409432441
1485 1553 523322874
55 121 486944543
1577 1466 492094504
1365 1212 804496252
1173 1178 35523429
1235 1373 459433770
753 946 625196187
753 610 786152791
1500 1497 412617738
485 371 598340868
1298 1379 444535457
915 902 104114765
336 147 601403190
834 945 980878496
582 636 335928454
1620 1586 850177626
634 714 949134709
717 685 897888120
1321 1426 818021399
1954 1937 341487374
139 84 600249570
1796 1870 130135776
496 437 931406379
36 116 479592452
1901 1873 644290322
1073 1002 886932646
1816 1895 822927303
442 518 889224622
1095 915 736874790
992 858 649852991
1483 1428 210252772
1974 1991 57925331
1840 1711 788252113
1242 1327 765642238
1892 1786 432115337
14 31 939104386
1230 1391 107053947
845 887 884065851
1425 1428 819254941
1453 1391 733810158
1222 1176 509118977
184 12 829631572
1113 1108 246085878
1855 1805 25308982
190 234 956267559
1530 1468 265197681
1106 1182 298921844
62 63 146325920
1670 1791 405625730
982 945 441662803
329 375 35223475
1693 1834 868434286
1478 1344 59480441
1923 1973 496029225
1412 1421 448184764
1215 1177 723134311
236 325 397896363
1449 1510 344171631
1806 1635 785254586
1065 1058 246673684
1755 1694 462704872
1747 1830 360440529
1832 1757 196672716
405 477 398830039
1581 1555 259939854
1067 1166 661626579
115 118 51091947
300 297 370314961
1090 1270 916486905
320 397 853274715
265 260 754698506
980 1011 374533373
1390 1241 10662096
535 474 691724767
392 679 613643130
263 41 389698599
1349 1263 13441212
1474 1310 932907980
1116 1151 956077680
893 847 53830547
1402 1268 317572299
503 732 5003356
1291 1273 269755718
715 590 76789131
1708 1776 770179312
1275 1355 904693058
125 346 421364510
155 201 533224614
1251 1216 43990341
41 59 249205577
1742 1752 678107875
1964 1909 660023273
1153 990 491244805
8 172 414149732
776 742 894891029
1447 1442 971780082
1496 1352 126368421
1187 1091 327973409
1497 1475 648628916
1188 1223 795258286
1814 1714 589971746
628 559 37666431
670 599 912192204
649 560 51914848
187 97 153511716
828 825 65078862
1963 1941 189855527
1975 1980 147707590
1260 1190 174532192
1324 1302 132390055
1254 1303 352131191
760 869 275445222
1347 1438 335557562
1654 1777 737031714
204 226 49998749
110 85 434855256
1322 1371 205320927
557 449 492354094
1550 1665 965374044
1206 1181 292347912
1209 1243 84996103
1036 1081 745312752
120 21 88765499
251 269 701948597
994 960 73576127
1397 1374 14431171
417 356 8384873
1662 1615 214378330
1437 1393 33485434
90 221 9404340
1802 1822 963522552
1146 1263 462446990
692 646 151809118
1051 905 508900199
735 704 984170657
1571 1618 992293177
1924 1967 670951869
1622 1723 51527030
886 942 26539287
534 623 487855907
1210 1339 349115993
947 997 304383416
638 723 360696042
1683 1665 493503300
1247 1138 303398592
126 82 363310028
79 224 278723166
332 363 376364248
47 80 548858158
1073 1144 966273564
340 211 464142808
1767 1696 40986469
1972 1968 142393182
1159 1284 703935
75 118 693982753
986 1010 107270399
1993 1735 454510098
1482 1361 847021462
600 677 63799135
1435 1389 378925847
1163 1294 675282682
1297 1399 682297207
578 719 50506075
667 532 22276966
1517 732 491465842
859 820 498522047
1638 1694 423878367
602 712 107650559
544 458 27526547
1306 1243 248068673
1204 1153 442465516
1165 1016 73866090
1130 809 938737397
1970 1928 50081179
1973 1982 301442066
837 903 123573988
1556 1582 546548563
594 479 132228680
940 933 247849138
687 796 707322349
1664 1528 812398508
1922 1963 597841189
86 1 253003648
1946 1944 931061628
805 488 209573551
477 407 78672282
1625 1725 5548117
959 926 68589318
912 1064 662774873
1614 1763 175864647
298 138 849996165
1202 1123 932168117
1291 1364 853860147
292 269 597308666
1678 1800 631991911
671 466 372947344
118 167 926484784
1458 1417 422072826
1949 1986 2619411
1816 1768 746912575
370 413 195523052
1396 1462 577753388
106 234 597681538
319 315 466802030
187 391 608209336
1576 1547 737664268
12 84 254402754
1144 1250 216356885
191 272 90259795
906 816 2418357
212 45 422869053
266 339 519089943
1744 1746 62635305
307 495 7931030
1199 1192 508792605
94 71 566383046
99 23 846274393
806 796 827970974
1141 1104 719867670
1638 1619 654348216
545 599 959270903
567 589 946375936
826 793 698489325
1924 1938 351032158
1958 1987 289235607
398 326 281014827
181 24 184610353
1311 1290 304473782
204 141 870715972
970 842 80213407
730 649 75574459
1894 1797 183788951
476 350 957354695
1223 1255 452870626
1172 1078 251019003
231 286 524354414
257 416 677673927
1368 1415 807803261
1970 1823 136646647
239 179 453881622
33 166 641611615
1903 1993 944401175
440 387 467195029
842 991 361657744
841 758 546587478
1940 1821 646135955
274 265 304662394
1069 1032 207075605
1021 892 514696028
326 159 221900519
694 695 492724677
910 859 396981986
323 313 606208501
549 379 42923000
1408 1243 67052882
909 1099 597081542
709 817 261768545
1292 1162 675745613
802 888 553856011
434 533 798368323
1125 1066 923884963
745 747 726383669
1731 1809 983390360
1345 1279 23566581
298 442 342215107
1640 1571 419823252
1011 1075 470180321
870 825 517018137
1020 946 56897774
268 254 997503124
1877 1874 19333961
1323 1478 493780326
1078 1047 221272109
761 914 430814048
1146 1117 351756968
1412 1491 13984672
1487 1423 321931746
157 285 180020911
483 438 722033849
586 443 340045247
740 783 73631438
1270 1332 317821482
1354 1463 24476755
1617 1666 209790460
291 433 461814557
1348 1201 330290210
236 227 839252956
894 975 531356056
1479 1311 894189557
1669 1917 678514121
378 353 99567373
1410 1306 817237504
1807 1926 477518500
1034 1009 741357339
586 494 190382983
1469 1590 682502674
1852 1792 435775385
583 571 390327375
741 801 962103720
1913 1916 892332500
1512 1506 530409582
1613 1533 16543301
1370 1427 692841671
999 914 562432574
978 1062 581411679
1716 1789 703996178
1808 1872 841643615
1541 1474 955541695
1868 1945 573583112
1008 1048 348397215
176 197 651900580
1927 1978 622562958
411 399 477010099
1267 1300 386990255
210 297 749170213
697 582 165985015
1202 1325 916408177
243 332 70744339
513 485 25265790
9 51 698947797
1560 1423 847009397
1706 1639 906146172
1407 1319 996602662
1098 928 764731722
1464 1261 705572442
493 427 551805488
1169 1193 140575991
253 184 646592597
622 644 175222391
803 790 710692628
1198 1302 79744337
1361 1299 57157324
264 136 142547255
443 422 398020842
1871 1754 404692917
1861 1985 934861849
725 744 706449912
887 994 70207962
1997 1919 531877688
819 843 407035582
47 60 536889775
1830 1815 728569070
668 737 196661288
387 472 17760150
1216 1160 88172658
147 34 366007407
603 753 230395705
1587 1376 30432669
1230 1137 961682245
1197 1051 21391380
574 547 389050887
561 445 31370205
294 401 957965870
1859 1992 965096757
1140 1134 951484773
566 652 419480093
912 839 159152595
558 525 766108156
1543 1512 997800947
608 625 307355572
338 324 858024332
466 384 713273163
282 424 479112132
1185 1086 108274487
837 812 914515821
585 558 946301492
220 299 374726786
240 229 79464618
1906 1884 55014108
1009 1110 584702620
808 769 647780884
1628 1749 779249424
491 131 721920544
1717 1798 456993248
1462 1555 206548812
1632 1749 795848615
812 735 206110715
682 787 753016642
502 364 1524731
1988 1841 73389441
893 913 45785648
985 951 919899107
955 1049 388759508
555 450 108634544
931 844 589717763
1404 1502 834755873
1843 1799 313387434
1741 1659 73687199
1345 1474 954638717
1090 929 897409349
1109 1065 813463726
1057 921 43908449
134 13 322961685
705 486 940812023
1150 1224 713093672
113 129 43440150
163 208 103610697
1562 1546 364650015
710 748 623058057
237 165 803905458
1812 1835 438435774
218 254 507831398
311 152 643162936
292 296 283634740
456 579 508918517
1177 1269 580055635
1946 1926 37583771
1024 949 409270412
245 305 11352152
1991 2000 79864472
1005 999 558001256
798 759 839566714
1925 1920 731289941
1619 1455 49670098
1707 1782 221252476
917 1001 594525594
982 1060 914821515
576 660 516650566
1119 1084 2888353
925 1085 945076533
92 11 970672339
1409 1416 633180305
676 487 694921089
1519 1355 238587860
212 167 351556585
129 87 658007676
1676 1443 988446466
920 903 853420562
1893 1922 888424502
593 500 608690572
657 621 232939302
524 598 6163774
1417 1404 60520408
1724 1707 314731978
821 544 792782703
169 249 419359222
839 922 608942719
1472 1351 552244981
1270 1275 613903189
1820 1702 825014236
1891 1939 473501236
380 283 654980351
1971 1979 804029568
644 878 810292018
1886 1900 438118286
434 390 389976488
1847 1879 527881394
1373 1489 599569941
41 175 217847663
1107 1044 168357804
103 129 928604088
483 361 85010946
2 78 199177111
732 273 329847639
856 738 140905532
1593 1588 100394366
869 857 51542746
294 292 40151527
1236 1158 837670795
477 620 377921117
44 97 755233919
932 655 419299605
1963 1856 292040310
99 211 713920310
1736 1917 717191096
346 192 38921742
1717 1672 216212842
508 504 479057199
780 614 983509975
1656 1471 55602623
1036 891 62185312
1511 1459 854638728
1167 1307 541218977
1024 821 121179201
1309 1354 916415726
415 394 35717247
1177 1259 292617509
727 640 967240289
1054 1046 881576423
1656 1509 710597044
999 1006 823471400
1692 1589 12394190
1289 1249 680568774
1584 1615 942454571
1895 1928 217804333
81 15 632336210
1640 1658 294545164
1611 1731 505789618
972 1032 913663040
600 545 639939108
1353 1331 891386884
1597 1567 748723467
812 879 289257926
850 804 121507020
281 310 953013105
1207 1082 1854334
954 971 562643088
846 720 705618036
111 182 994445139
703 463 15857459
1596 1591 420437608
605 574 921415654
1357 1338 590530650
144 171 265167173
712 737 318237820
382 335 270169478
1671 1612 622194969
6 85 287129616
1807 1709 9603117
1582 1586 905023644
1019 880 181872026
1907 1855 980374922
1777 1781 205237186
1804 1801 9977510
1873 1897 66412298
956 1037 174995985
860 894 546935678
1877 1811 19452827
1706 1716 724328984
1988 1902 609140145
1656 1563 341391108
781 900 914046417
316 385 456267650
1400 1387 151141199
1965 1963 922975393
1136 1298 23857877
1405 1440 182311294
1803 1797 295412655
1423 1546 779206253
1490 1516 492855303
456 453 54060267
1697 1778 790522217
580 592 647974534
1786 1675 416999108
1130 1300 252275776
563 674 48709809
961 862 841544496
306 360 797131240
1757 1833 340102052
161 52 68200327
1910 1957 785802293
861 828 824542298
1262 1120 87298324
1751 1674 553155956
919 795 895988931
65 9 819109759
1433 1394 944912289
223 487 34850745
158 316 67339835
754 755 22255237
537 433 910115931
764 632 51221537
1313 1241 636825519
30 6 1845070
1986 1885 291193675
369 333 166904865
1918 1993 740674499
900 950 746988480
1550 1567 882533240
344 404 514588787
1288 1148 937865325
654 680 944617215
838 811 111124924
779 876 546900767
109 119 534188148
1852 1915 485250603
49 21 61544388
835 936 328883715
1425 1333 20447954
718 757 415483831
1864 1941 938529054
1801 1859 12984125
1314 1381 705392648
1689 1747 185708445
606 526 675608790
480 564 667513758
1027 1035 620109967
875 648 298257070
1111 1226 186543550
1007 1009 885964963
118 37 881257492
464 207 150210168
653 589 8013029
1657 1588 489482898
773 862 273289387
1164 1054 804007314
953 955 7437551
1318 1406 864553563
76 27 927023153
1540 1613 353542409
5 96 820830469
1121 1272 699793441
429 526 538919419
1079 1038 159632712
11 155 634588814
1293 805 879505043
1493 1514 482920575
704 713 17176716
1492 1372 34808664
1936 1969 298386836
1934 1947 277974131
202 260 950443514
892 661 308697793
1740 1643 1150279
1576 1628 909428010
1757 1825 8088863
846 624 178657638
1257 1217 187820714
813 818 895928610
1828 1670 555087084
312 345 830762791
317 392 873757577
1867 1992 155692313
1371 1494 827262525
407 359 494183971
185 279 55878235
1247 1451 979901651
898 714 717098015
455 522 201964007
1539 1678 544453828
1834 1860 837824062
1732 1648 335078552
1722 1773 93218336
1449 1454 144789761
1120 985 670214848
515 681 609480469
767 862 205108598
144 1 19388184
150 154 252206233
499 387 765712370
1478 1676 517952123
807 839 408677741
1774 1608 698212944
1521 1451 738206970
888 939 612327048
425 389 116237614
1870 1985 695798807
1622 1630 106036675
238 316 288763436
1092 1100 801796372
706 669 216908736
953 924 439003067
1224 1234 956357405
959 937 696589729
1780 1667 578927467
1710 1705 395317678
842 837 365992524
1566 1444 961441313
185 4 975028259
97 74 415870140
1495 1430 63897068
721 739 110572180
542 607 659274710
1837 1924 98947736
1305 1194 414378973
1863 1783 671114459
876 954 299504153
1453 1467 494362220
89 38 873942134
610 561 579556050
150 92 685781010
1518 1449 790582013
284 269 924342177
140 200 977386228
1996 1981 987981085
104 187 43073545
158 51 570883696
708 738 666823329
1350 1285 173334422
853 804 332210522
72 58 787114238
977 1074 281543260
1955 1994 910851085
556 414 883090718
626 775 280145443
1600 1501 421306665
1771 1776 912791007
1030 989 557877831
1508 1402 30051315
536 411 34708761
567 562 703464065
777 804 404764652
65 183 170327785
1527 1422 97994158
266 255 827024176
1822 1974 28439390
998 920 512377819
1375 1498 603347033
1796 1844 54313957
1220 1376 735697304
832 795 769349154
1956 1966 245369045
1515 1421 22089073
85 77 740774360
832 976 11437222
936 890 16474972
1651 1565 447216294
1983 1976 49035810
1071 1246 4577942
818 702 107572977
1012 997 810022521
1693 1601 706443464
1773 1758 504352240
533 582 9990685
1848 1717 62541396
1653 1516 539403537
1681 1728 519855535
974 1050 778157062
1334 1317 538450380
1423 1324 954731913
1635 1655 979937918
719 779 915469825
1906 1942 38655740
586 684 977714689
1554 1461 509957833
1360 1477 190602377
39 91 841374053
1303 1340 823199259
1636 1691 68816462
73 174 79279970
381 467 803103165
1198 1062 889306086
1616 1730 518339414
308 259 103608189
854 790 950303389
1414 1250 855899266
1496 1547 151421450
435 486 899219774
1128 1186 479957152
1266 1431 779837591
1651 1743 365174136
724 725 387290489
800 723 813965571
1301 1305 432607674
1029 1076 550508045
416 448 224572855
1136 965 896137519
1857 1748 403184545
1936 1854 68491021
608 475 611354272
1051 1117 441747447
1676 1587 498368615
314 265 731197309
1350 1485 992236711
957 907 933716905
1362 1294 91615873
1101 1061 511925990
896 650 566955958
1763 1919 634059041
1856 1710 793093616
1935 1915 413478808
1817 1757 241590512
197 124 622406270
1599 1613 794632235
1552 1684 26100167
1781 1720 2441725
205 58 853990373
1884 1980 684253266
404 310 716311054
1810 1685 873091337
1728 1836 503334032
299 377 194614879
1573 1636 72613663
1809 1841 799464625
549 588 830458132
1031 1118 55882517
847 831 821530298
268 333 115589783
1480 1499 531532679
1434 1373 297161799
1631 1517 677254181
1402 1544 821801746
127 163 83477932
15 20 633217460
762 700 883183191
159 156 304767897
23 58 541315390
1360 1332 6536635
1523 1526 747409270
225 60 56196736
765 788 681093256
553 490 810873805
1437 1415 767048624
245 161 603254578
105 252 185569368
1041 948 858722645
1794 1760 55240787
462 417 942163019
171 55 432724736
1315 1225 528527795
646 585 900067539
721 697 48176070
1398 1326 116350541
1842 1968 346757052
305 312 929414495
1185 1333 2995461
1355 1513 784412532
552 669 326160404
318 205 551568101
454 456 994552114
588 683 596352899
1929 1971 389223385
183 349 440530785
192 119 273870868
1369 1521 795113601
1372 1296 53707720
1655 1757 68638952
396 432 676680386
1219 1314 879340694
37 173 534019188
1311 1389 197316
1734 1854 359140456
40 69 484329269
1756 1802 522390204
189 130 502159124
631 642 696861731
1317 1378 639507023
1475 1320 609648748
1770 1814 432968268
1975 1820 428463969
695 743 989268057
1031 1047 441511149
1174 1189 287516637
317 264 47362805
386 394 48806019
709 674 980489988
1569 1642 333919939
1144 1115 581097228
97 64 971719309
184 143 302012433
388 368 68980645
873 772 742168044
1285 1255 418136320
1556 1484 964403789
809 491 578401865
575 674 546393119
1112 1031 382734680
1598 1501 969334047
764 817 925422763
1930 1866 695917628
1960 1860 491483265
1422 1548 255203667
1908 1790 593496979
1304 1359 511686472
1351 1295 705902285
666 899 729068967
766 792 75393092
1284 1329 628941383
1703 1744 496565580
1738 1837 389374582
685 651 25497268
807 815 50158343
1567 1616 54724998
867 678 270151913
130 81 283134263
194 217 477149239
1958 1912 637032
1910 1882 422205576
483 592 298965582
1592 1511 999841202
430 388 857798696
110 152 499199484
1503 1441 378318552
1333 1228 338699429
1437 1563 191306862
1061 954 418764775
1762 1787 836937542
530 473 579815137
1983 1961 206920307
647 665 712111675
1871 1698 110884477
1500 1559 38947707
26 91 262975840
1903 1766 39085629
1951 1888 393761554
708 741 203898512
1491 1523 881705727
1471 1433 392190134
1356 1375 654679139
384 435 306539965
1656 1488 18805673
626 756 346203819
300 234 259436996
1988 1919 160698701
1887 1781 661069859
1589 1543 303171280
1007 988 319917812
1182 1276 814170743
1183 1122 818261199
1773 1800 756652371
627 654 326331931
322 396 272618418
682 606 734645874
684 691 314432965
1203 1196 959856326
406 362 491143497
973 969 833533337
1291 1382 374546904
545 510 247004440
30 102 990506882
1049 1149 567650418
122 281 978940329
1039 1033 692924442
244 516 740131446
704 595 21748490
1043 977 611601386
523 622 173756652
1009 1031 994522114
1783 1793 91325001
849 833 434571262
889 799 302140572
1438 1490 956008649
1732 1873 134801327
1045 1517 467840765
818 1011 938458936
198 35 401961859
1534 1468 943640031
664 653 269513078
19 58 444335302
255 254 28856170
1471 1411 520534711
426 512 846270655
326 428 680763271
1133 1231 884722407
939 1027 181358085
1154 1323 515303537
572 470 614168773
180 156 42847163
469 498 665913270
1937 1905 514881968
328 359 653579482
1510 1604 791348417
1916 1911 370950681
554 448 90743282
781 775 88189572
128 28 457281368
1095 1166 164476733
447 326 788689114
1578 1559 943090832
1790 1717 433683400
882 768 600358976
422 352 284287398
46 51 276593553
986 958 909851901
484 507 16609593
512 644 633903006
1663 1741 55306460
746 713 556526551
1994 1972 9224207
648 495 565683136
940 1120 851781000
851 911 329774789
623 659 43408843
876 886 2848335
1107 1241 989169291
1017 1147 725754973
1877 1876 73410046
150 168 360412447
887 727 639070115
383 437 45774658
1244 1164 90011781
1646 1741 8572296
873 829 216326499
207 83 703480978
1416 1471 29273267
362 387 508013209
271 277 687706677
119 98 534939773
890 625 999245992
708 672 995782594
341 331 892015698
759 749 666076385
1823 1890 24376150
1607 1669 533883361
117 157 707160645
692 693 43899798
127 220 125320586
1643 1525 868878600
2 101 628879062
295 249 714152101
897 923 50279923
1716 1865 644836968
1072 987 266183871
1287 1299 83658465
1927 1883 566326056
1055 1024 524890402
1320 1213 325254873
604 690 158588983
1759 1699 439436688
476 540 740667496
1741 1799 937317205
627 550 938649525
1424 1428 806692240
1221 1204 818643045
1640 1648 945222257
52 75 45323536
271 421 165544644
1064 1128 762588142
745 664 870069781
783 947 514936956
1485 1426 665418839
1797 1819 186190479
155 164 132291521
1079 1113 210061242
1239 1252 792831490
774 989 840287548
1464 1520 380260443
1643 1712 647480180
571 558 482662181
1696 1554 18315797
1047 1157 305119375
717 725 659666820
88 29 17607262
1884 1904 22233215
1207 1280 327934587
270 276 932357945
288 180 647170487
1795 1621 948210640
1192 1273 576266956
766 921 563327701
62 217 2976953
1752 1875 355894110
206 222 605051263
1650 1585 7410653
601 622 676739599
1507 1449 981961735
1538 1524 301884851
631 638 138790388
1974 1881 481055217
1953 1940 213718718
767 752 866679581
923 1026 220974804
269 356 488350927
935 977 121683642
755 811 598467191
686 609 378116552
1050 1115 470579555
188 154 441144362
881 996 957318870
1869 1797 18498445
592 496 635583630
1262 1156 788372472
1787 1839 82421186
242 419 269678469
195 348 264909215
1149 1244 689076769
1283 1259 229622195
1256 1099 432449836
1126 1075 924575269
350 342 569497065
368 410 892365772
1659 1577 119116669
1483 1497 188203276
1529 1421 659399525
412 309 853808286
611 385 630114638
1112 1208 164526403
1572 1581 975955061
752 737 61253163
821 676 709001218
1467 1525 204610735
1676 1809 426147805
1879 1902 713936103
1642 1504 411266610
1201 1205 572546171
276 298 109018041
1882 1969 387963661
372 453 771787219
366 490 109909793
833 938 666206846
956 938 615826662
1610 1564 797030987
979 1023 271674217
1511 1580 374027974
573 374 766689301
1016 921 318173800
1538 1635 602528408
668 579 35465684
827 836 575814219
153 227 45172419
312 403 603436857
673 892 853445967
1366 1346 234538056
1542 1632 741057461
1990 1952 531762598
995 875 872282927
958 1003 157587994
1449 1459 993761691
898 1022 63594285
1682 1711 431840922
323 399 105215153
224 231 784237159
80 117 566732622
1498 1429 279019842
925 904 57188515
1650 1761 51399581
1849 1913 231199243
268 315 696162814
537 517 713756328
1119 1185 376193071
930 900 679208730
289 316 912899910
519 597 9198566
441 511 850404850
255 342 1889132
10 15 985414971
1401 1314 820911097
1287 1235 28976185
1463 1522 378793627
1896 1891 568016377
551 404 44134802
977 1033 515316018
1456 1531 664211746
1120 959 598155338
1388 1271 168850873
479 398 852069284
747 814 964823328
357 318 962194850
1726 1710 4642103
1140 1150 401117276
1463 1484 54556093
943 824 907448271
531 561 940766479
978 885 29327531
1895 1843 144614453
795 695 612182385
718 599 272887377
1435 1561 208413367
771 611 338184472
331 267 93463197
609 536 726865158
1725 1686 690692566
633 562 338697568
1902 1810 776909505
161 229 258230621
1541 1596 195576949
1892 1818 465234334
707 636 146139396
461 714 142056193
1535 1459 288817772
966 905 519131279
1450 1245 536973833
1689 1574 751330511
24 68 106677035
681 813 669762796
251 240 64477756
164 287 704759062
908 703 739998079
790 905 150931028
1074 1148 207167017
505 435 753810642
440 539 565920204
1130 715 744713536
1977 1870 510527122
1506 1585 909711181
1848 1998 308875798
1682 1671 126352816
1469 1298 420397156
418 513 363343494
812 883 210875994
1211 1124 371860340
683 823 917675826
1123 941 921166996
501 373 607982208
995 1079 210860517
1418 1327 643279413
1688 1841 499144542
1959 1982 664294319
1633 1695 126455225
1583 1489 111609194
1312 1281 82840106
938 1000 868373806
931 896 655589027
333 427 57526183
1008 956 107096332
1872 1950 435426288
1128 1169 40585922
1131 1292 529703573
1401 1465 690575015
1040 1139 229383158
1341 1315 282950380
817 927 306148925
1612 1491 479321204
997 973 492461126
1741 1715 8056510
71 41 668467979
1206 1339 2792091
1587 1353 223098062
804 885 410804513
776 834 3748412
1300 1607 472615683
125 54 65977573
1429 1359 155200998
391 358 966925337
567 576 597268191
1603 1774 1044097
673 568 746172430
1999 1953 776833909
935 981 179774196
459 409 709853090
215 72 154254469
1570 1543 688723154
49 96 1478337
560 476 718065768
1826 1684 59280742
1945 1990 632868994
18 123 101471409
122 32 487654088
810 806 140033112
689 773 735937384
794 865 849728283
1661 1703 516377722
979 988 730502599
80 16 244289316
135 152 764038267
1383 1289 430532602
1121 1051 354575283
1638 1764 245452490
436 355 748963440
196 321 258264526
621 502 935145130
149 174 894613020
368 296 499126637
311 457 262614717
1751 1695 199663769
1827 1843 331627251
1914 1910 39435096
455 350 698333578
781 824 819134941
1295 1167 105551484
1430 1468 979803222
105 17 128022780
631 529 723109386
1600 1639 367214127
1613 1758 69195868
1122 1059 99473064
836 729 890435413
1103 1135 716234028
160 60 871067332
506 700 7693394
1363 1201 962685348
1950 1947 542917727
1353 1274 4547555
96 129 158563153
258 147 570215043
129 177 133452587
1668 1514 922253971
1748 1590 11807973
1407 1377 902143609
448 334 614924413
616 471 402228528
206 41 167137544
620 686 552208002
833 728 911342834
243 181 135243065
918 987 790261556
1824 1975 785477690
1106 1022 2521401
137 313 508250220
1103 1059 30354040
1658 1738 661676271
1449 1382 704881908
1419 1187 789225475
917 894 321008886
1251 1380 46640343
212 281 620069026
1953 1807 891806910
1858 1955 630397072
892 662 934847031
141 16 81395970
1569 1557 288559268
304 362 96745787
1976 1868 403903537
877 755 60088155
1403 1416 880408373
1864 1785 51297481
695 699 286059679
1905 1831 469409288
1040 957 835142887
490 626 426525150
860 825 60000633
645 662 301093221
450 321 811019370
315 335 903223852
548 338 778023951
1225 1094 113180216
134 218 506857109
1745 1704 584259885
444 379 964959403
916 1105 136673534
979 863 13758914
1608 1498 5250991
1669 1195 996273738
1745 1801 411920171
943 1004 47739690
313 293 879638791
494 432 996113191
1891 1641 513403216
14 97 167210297
1068 853 188548456
893 797 755840334
530 619 30542684
253 378 518701532
1288 1367 596449218
1553 1476 121245857
1339 1375 15650929
716 764 947077898
107 43 541514035
1060 1154 131037597
259 213 961729997
1839 1846 455666503
467 537 250939344
1653 1663 29179589
473 510 697503528
1518 1605 744758610
1168 1107 595727452
1331 1260 447884224
365 248 588237446
214 121 41355117
1647 1741 213897736
608 569 379078024
763 730 628293115
1454 1470 787036891
1127 1001 60082478
1558 1459 15211748
169 14 457531450
488 246 326933935
696 597 938150171
199 344 856631038
1048 1133 735297677
880 605 548303315
142 590 847858479
217 313 866763768
690 696 84209196
1826 1718 728195592
1966 1919 27894346
1190 1166 264424592
696 711 653124432
155 256 643011719
1259 1335 584581653
1636 1677 17989100
248 241 531225127
1326 1268 848214100
1645 1519 340578734
76 156 492301140
1553 1637 261856537
108 235 313072281
1253 1179 184386207
1076 1069 455147513
320 159 511204154
777 481 688811661
1697 1538 260549115
1180 1282 870992810
987 780 956627769
1861 1846 303945792
843 928 572982426
1667 1622 608167394
471 656 425617911
1150 1174 563680008
1921 1906 538272548
1707 1593 195556227
1898 1860 267130603
612 710 792339458
424 676 740892282
1492 1610 836614267
1318 1314 852125340
279 323 761726175
478 602 199820053
1218 1068 957576304
1687 1720 943187158
894 934 909969258
70 104 25367447
1414 1240 211591913
1158 1044 830339654
614 457 402506478
1751 1805 298934624
851 791 693463911
1806 1923 76845951
1258 1184 5248846
125 94 768809612
1330 1380 992187295
820 708 535671195
1123 1035 987999877
178 172 836170224
463 264 3270161
1447 1462 229936422
635 505 321058033
1995 1914 693788574
1658 1765 934709373
144 57 428202557
1863 1888 469116467
1192 1172 472762705
1430 1340 589392402
1811 1776 36131989
1121 1242 847213523
1068 1232 907511870
1989 1908 498417745
963 874 732013325
258 449 933325615
688 587 7761756
884 848 247713760
1573 1491 801219813
354 407 305637462
1043 1092 664485963
1743 1853 435255387
327 370 214877598
1221 1152 306069381
1583 1584 567711862
836 744 299261406
492 482 182805677
1378 1422 621912864
1140 1196 194702306
1882 1733 731104581
1446 1430 149011316
304 260 531103571
1036 994 802727031
675 1045 41144222
1700 1662 476088773
1886 1838 870072542
471 466 440875437
1949 1948 187663067
1542 1431 484512689
906 945 446835094
1111 1051 551460492
587 547 115997236
1309 1405 40605058
992 1059 624340873
66 28 181719109
434 474 702486311
1729 1773 493131081
795 881 528165425
865 874 379451311
1257 1356 74497087
283 182 707815167
1093 1030 370720179
1132 1102 606970797
777 965 447384944
1233 1183 307678172
1588 1622 252146427
431 614 162832456
491 88 721652050
389 384 769042537
1457 1374 339994102
547 402 248882040
1325 1476 145053531
1308 1163 251785698
1711 1796 542755442
280 189 707773879
613 565 754273718
662 541 504057679
1420 1444 425100206
1195 596 648646984
1043 1171 629937807
1589 1624 444970907
730 791 595350130
1742 1737 743621059
1290 1412 682423399
1089 1126 647380189
178 715 968883922
393 496 451494369
1735 1712 666216868
635 766 57610435
1322 1420 341118868
961 786 615646631
239 272 944743750
1610 1776 701021845
972 884 33905662
1656 1579 48912360
42 87 54186918
470 480 84451673
1539 1521 821098625
1681 1586 833505937
1297 1155 667186567
1294 1343 248465272
374 349 3930587
264 303 974186690
1395 1268 742242664
972 962 739023037
1168 1268 566935955
1662 1672 987565625
1239 1238 844737869
449 470 134175442
465 387 410319350
457 285 908995149
1857 1931 548909688
1317 1121 94545086
1161 1304 614644664
1283 1387 984506509
1795 1788 631264867
820 863 63796193
1850 1680 824503347
1853 1875 387397212
306 274 721746782
1644 1638 373928737
1724 1823 272572738
516 608 471972818
1017 934 808632966
1414 1227 280404917
1448 1261 416659650
1826 1875 968123617
1962 1964 505293466
24 28 113517430
233 84 839634904
228 355 438421385
1769 1749 293284877
1605 1704 163755150
109 61 422229143
609 570 543828650
595 538 949826646
1145 1057 523625113
1247 1139 44416900
663 629 643587299
1235 1233 212542575
1388 1341 44520716
25 13 260484792
990 901 916696604
617 701 781581250
1104 1028 285790375
548 618 867291614
95 181 533607748
341 367 214335485
711 706 957780296
1358 1222 870219010
108 17 333969636
1851 1803 479252406
1017 1025 137625613
482 386 29146823
1407 1569 509115023
1486 1358 417579516
698 987 38729601
1046 1014 246709797
1056 1020 89313935
1071 1062 40239315
1461 1450 861559970
1568 1436 65848560
1675 1642 452917424
556 568 972119236
1249 1171 533213822
1892 1774 637098635
14 140 68234415
1175 1264 692852384
832 964 948175306
1452 1588 933256267
355 275 808406202
944 1042 448369856
1725 1729 360974442
91 143 704191054
600 687 869785983
895 833 821979060
581 737 32363374
1 202 70716632
1520 1524 251521348
1811 1795 381726762
213 44 287864010
216 293 739131966
637 598 597597173
885 929 186133040
1175 1041 732551269
1097 1000 452085493
1189 1209 20816632
1380 1414 514783499
1170 1145 270890241
1797 1707 662021691
157 100 666770492
103 25 930789986
845 762 541526978
1134 1064 717571466
521 584 555191395
1984 1977 719120732
81 132 687351613
615 527 375761545
232 102 518200216
1709 1683 582350963
1392 1336 5452823
973 878 472675502
1392 1256 598528745
145 298 336102822
1624 1626 853982526
341 325 40642512
1044 1037 389616318
1445 1516 242726496
661 658 226629081
1207 1214 488312999
1932 1923 779033714
159 278 62011453
487 250 506261055
112 235 519366878
1143 1282 496519522
748 751 168817877
1934 1803 182230014
439 441 870374944
932 947 563424268
961 1050 120220252
1266 1211 769583597
100 93 366425402
421 543 914688164
628 672 754006149
694 615 574529286
77 82 953913965
952 1095 973987256
452 523 25650130
1419 1496 553878776
967 823 393672799
461 391 373628872
1784 1707 881541465
1930 1877 848906266
1685 1668 46048639
548 528 406461996
460 620 191802623
617 754 24134255
1392 1413 333269502
357 445 7274195
657 689 64797218
1492 1386 959998055
1503 1678 295289177
292 390 527233293
527 413 745091657
1004 1082 755004267
318 219 419796783
203 321 663313255
1152 927 881133784
1254 1173 989092318
732 290 734446636
617 572 50898958
728 564 27690063
1093 1081 794090998
1278 1259 910866680
612 538 979602076
657 554 840364883
1487 1614 709416219
1578 1651 344164522
1413 1471 24638619
235 279 548324940
1874 1814 586152814
1627 1743 32091890
1394 1292 29616698
758 654 844073677
252 271 856410526
6 34 893531398
1929 1949 14774200
1277 1370 8012694
1505 1553 321851646
371 261 67095652
1796 1884 844416520
1089 1013 442542931
926 873 925703189
784 741 680176711
953 867 225457880
1637 1646 997591744
1473 1498 193722629
864 955 117092901
749 682 36842633
439 320 601806608
408 429 358303323
897 889 832361290
1860 1933 391665158
11 73 997427508
400 402 828719761
669 659 259655226
542 513 793415354
1532 1418 701034409
1623 1614 777571923
532 376 437022004
1018 978 490498285
208 309 150258301
1076 1086 508997113
148 337 182830616
1185 1077 143813055
1551 1708 395251182
151 391 50731070
1337 1438 9667506
890 667 643903886
1464 1606 985744831
1779 1748 947571051
1629 1525 384391203
736 664 240583598
1070 1131 18530891
1085 1105 986483297
1087 1131 288611518
48 4 763930026
1191 1142 53092675
1571 1534 415204773
1287 1290 21584432
1528 1520 698732021
1529 1602 502142950
408 315 671238925
719 768 786544045
1672 1750 19025078
1645 1680 579815484
1929 1763 75438678
1767 1893 49623437
639 678 222520334
35 104 164040987
790 660 198052456
336 379 488853621
1922 1880 293084126
1366 1385 119022214
944 935 202362868
1053 1072 111321550
1845 1975 513230547
43 23 52256231
1584 1690 755404930
83 33 839740833
412 629 444964122
197 311 728957988
1080 885 747896421
968 1137 135699783
1364 1432 72946027
1733 1728 775332507
337 358 777247873
15 122 865352853
1891 1735 624542339
1452 1349 815789290
1261 1231 337984241
1105 1252 673916870
1152 1096 66887127
1807 1838 979581186
933 836 748150170
1536 1390 228045375
1328 1244 388221972
162 247 17194816
1123 1026 509730996
866 865 67585082
1978 1981 471634771
1634 1467 134389139
1652 1593 370295607
1262 1325 959220640
62 36 850845733
1151 1279 56806400
765 723 678927393
643 626 228134358
1164 1072 329353878
1051 1088 515532713
1660 1634 243220738
1721 1879 28881450
1551 1486 52999494
916 830 136268664
401 489 276248591
555 657 971444530
729 711 720195061
1447 1329 883533702
1037 1142 258346677
26 127 630005643
1531 1565 31597733
1860 1912 941024708
93 89 359467071
369 473 32077431
732 726 146384
1681 1792 827865697
1575 1731 56633718
1316 1179 765616712
1230 1439 234481550
1427 1476 47668358
1955 1925 976987409
38 56 356253721
379 395 247469181
646 647 350862791
691 742 777347826
612 641 428658601
1878 1962 600138937
1862 1792 527088591
894 935 503830868
686 776 953224003
1867 1813 617106431
1595 1701 665697002
521 473 562998173
1177 1172 246724153
1781 1746 289263606
1222 1132 625799272
1221 1346 56198323
40 103 709886280
984 956 70792978
731 899 541248298
444 550 58135261
114 235 572874186
1917 1631 239023965
499 525 43571420
566 526 668283185
300 426 982805659
1460 1540 984065122
871 909 868511851
1338 1272 600668116
171 424 514310448
1192 1219 994835102
1875 1987 55151660
1829 1944 993631446
423 433 874730785
1141 1320 851347622
1943 1963 962130922
1973 1994 126313244
1173 1148 590895350
386 351 802586979
1137 1201 889924028
693 734 150106299
785 683 180581385
1428 1384 230920584
1639 1713 896301604
768 852 420177772
1297 1276 617357975
1984 1887 419081817
1549 1637 203387814
648 518 650610497
295 302 776292525
1550 1518 899373337
242 204 424458590
1656 1781 381436176
1076 1012 786459943
340 384 798472469
1481 1505 463942721
1414 1503 211870974
1171 1281 55080483
819 948 7664686
1545 1568 614327747
899 904 68415912
7 190 801130595
509 570 703589803
482 524 550475964
347 306 90590442
1399 1591 302921217
733 707 871734005
262 41 791045811
659 593 47305822
79 74 328515273
436 452 331560870
872 824 58422548
1309 1288 194655096
351 347 451447261
585 591 808382310
375 457 914334917
446 382 562197146
1756 1596 457474673
1210 1129 351941892
469 390 856082595
1670 1629 145965703
106 50997756
1876 5345319
194 622264036
1259 810580570
38 990541315
524 661870110
51 142034462
1798 418717964
788 979014431
310 99677430
623 478032106
1350 176371897
84 259325541
974 276755223
1324 209142955
139 15011728
695 474035703
478 727925897
736 919070173
14 7361646
1238 686349353
1862 17126777
1300 741652940
758 486844355
513 887501104
1140 248862305
116 85044350
159 704614468
1195 659954083
148 997068407
1168 730229548
615 377768530
1963 474042610
1325 109034096
91 191916443
1386 870702894
1227 248604877
1801 285763905
1455 690844379
1250 772586467
1663 745126411
1193 353411952
1260 776309762
44 736441961
1631 874040792
1239 145002554
166 57305903
327 587105230
65 129420722
873 829034001
931 889895993
1919 847452640
1186 659866479
564 884912692
1587 722532759
1689 580945801
1148 737671507
1956 169193764
256 996092262
374 56877217
958 3312022
887 695751958
1296 358771819
733 529983838
1190 167804818
1922 607381023
597 72464335
1105 767025334
1321 108894505
1966 98481211
322 392028995
720 122138845
1980 179259677
1553 398849883
707 968002203
464 303306825
886 829441854
312 781392908
465 517298376
483 41515336
147 30280347
1924 374345805
981 644978353
869 609830302
117 850223805
697 795893005
1281 446164324
30 215705519
1216 497040254
1423 28449660
446 627750780
1754 625251623
1227 341068360
1645 803445230
1094 240261085
316 338662969
247 687633916
218 921140609
1415 282774850
928 884388451
1001 399708159
125 962503068
1351 38660698
1437 673691919
1918 223348951
1836 427850718
629 272016570
754 140905877
646 818633044
676 9607440
1210 424141304
415 498394451
1125 497728766
360 732313762
1840 228455820
1643 615160741
370 491029798
178 165162011
1733 904104935
1155 53122113
1849 17372861
885 112812438
1243 848595095
1857 49547546
916 459605361
2000 724542561
980 66951453
252 427472246
969 660157383
1538 747896586
1523 120936122
413 18586230
283 740484955
1858 589570142
1491 996717673
1226 407485511
1297 51480985
670 401352536
1984 35745526
335 490070180
410 805035732
729 50267632
1192 896512550
1084 25058436
1155 814894810
1836 35541470
1188 50017240
312 738389589
1077 472920039
1997 120676805
935 675793046
1195 181193316
1118 117125143
1316 67309690
765 513769256
1250 532520995
1056 56734815
790 781230663
1038 982859251
1543 539638925
1882 101620192
1092 440941824
1565 350869599
624 342725926
950 412582670
1750 31705867
998 21535093
277 761307489
1557 352811589
1625 432004067
1083 317891920
1017 429648851
195 433667226
468 371356575
1973 63392262
1379 857536509
1459 805972671
713 377484334
771 794779021
120 176039763
1391 27623385
679 921087631
655 25947664
1954 728884254
800 152290407
1108 515169753
878 107638035
1121 280049726
1333 265340380
1756 6253604
954 415868813
946 5666946
1112 967061299
91 386339239
1613 21553456
1830 255039352
839 177155223
816 69317022
1439 994421370
1921 490905622
1346 47564279
1142 725126053
1397 978522081
517 362321635
1561 593396139
397 227996058
1071 137205699
259 34293091
1237 303083387
1064 114150217
913 26617921
484 448709490
1084 786233100
1054 554721167
1887 836227381
335 983336848
1163 583069973
1259 746756574
305 872368960
1736 340342652
1333 162990832
21 413846575
1170 104611240
834 480993374
1954 621656278
338 864089808
1555 25832082
810 74865352
1191 30901122
769 827929827
1797 243831981
973 600331987
412 486330187
1285 362122472
1427 9123055
1836 184898946
702 384735823
757 303201681
1528 834946201
1690 603262877
1354 12257879
1444 873800300
1981 407249600
611 37544917
764 247019344
173 23187644
311 298706681
1903 961136195
1467 872450174
1699 128765711
1289 140668649
426 601338442
329 737199950
1736 710891250
545 41743014
966 534209573
307 972226271
1233 954375830
1724 589916381
1623 508404053
1397 834963052
964 834414553
528 883696525
402 142869583
216 155896437
123 11729077
1751 544299781
353 73749691
520 444649491
631 485662812
155 581962002
1656 752346402
1537 276129219
1953 375675698
310 887994382
1664 604690334
762 320897129
503 451632498
1088 468672907
433 19363378
898 603824672
333 451150405
463 383257063
126 659722475
1425 882478896
1225 738935902
757 36444104
174 143507432
1943 72375957
51 767178331
523 260019717
1125 361741230
1039 880075410
508 874905788
540 721889387
637 451078048
148 983491809
345 904910200
1106 19374553
1574 884894921
12 503604119
1158 622053603
569 32505897
1235 540884172
1445 873992404
1313 202345427
891 8559857
1030 936308025
1517 436835434
1356 848616021
357 367694760
1428 462698412
435 985335094
1345 330360123
73 668260939
1064 131247114
635 279385786
804 612311950
1630 600812878
1517 761764947
1120 8143195
333 18799773
765 373141888
1447 191554470
1498 493930855
1569 106948458
160 665530195
769 597631483
1042 348951033
1418 884119589
1214 434288904
830 469550631
1366 668834738
1847 749035046
827 740546930
532 387692783
1846 129933667
1389 503977057
529 161181319
1693 511456811
806 45101028
206 818696675
1050 628450854
1877 290532005
523 2978979
1352 177684247
1978 375799643
672 49755384
1646 997667029
712 525367572
1724 62373278
1351 54717854
476 110908960
440 309941630
250 75010904
909 67475375
1791 177232616
1445 609092511
508 24787591
1470 409286245
1158 196478619
213 566192209
1176 658508696
1849 460873506
782 972442447
1485 144885888
1272 491605121
1336 62392678
360 476773330
935 380064870
1918 158426600
151 975641349
245 833065195
1681 35870065
1113 907452231
10 60845339
77 289623397
767 520574910
603 484289676
1981 63840816
1137 795678023
158 30213172
1824 389016766
1074 320570498
1790 851848468
957 473028130
1350 843846798
1285 393921942
1538 612378988
869 132708554
190 464200582
1900 266577257
23 372458286
1423 273426635
916 768372448
1460 894027667
1490 15721791
1600 559886529
1585 243917596
623 500003816
731 77791257
267 43865991
492 323434175
1623 250990803
88 771229681
1448 764514496
70 698173185
871 846528795
103 655593461
1405 947001579
1771 530837899
748 735240784
202 46076910
991 606652770
1031 780507121
444 54771836
144 9285782
1889 920527627
1386 50811071
1178 405265529
316 305092399
787 279240302
557 455089706
1699 800441146
1094 303258420
541 403856067
1849 861499143
1033 513189437
841 954390232
1638 407873877
557 630046472
1723 620190111
1184 244810409
1830 513997593
1134 194416424
1004 134996346
1442 803331995
805 126289471
66 573463701
829 202192947
1717 435667520
1851 639145252
886 33740859
1689 319981983
983 375132704
1770 336905811
986 156836550
1763 130120929
1403 744842174
869 132155095
1254 550221076
604 861878546
490 895088548
676 869679455
993 39652465
1195 752192967
133 561295150
581 369253766
1722 453099141
709 844366021
26 580368403
1595 966838174
1323 268792539
605 42762081
1583 191741193
834 388043500
1722 81837582
1211 12506370
1773 545313149
830 335854099
1714 27846648
311 322640185
1079 198490510
645 940396548
26 53988271
646 51945272
1776 766838416
1716 482543108
1136 526712877
233 652399772
1323 925002129
527 32617027
1357 448752302
1145 372424406
912 158224336
1479 702632429
1064 475499822
36 293818121
143 812237776
1679 364405313
266 461758575
676 785875109
1260 660552360
1144 330039984
211 629688326
924 52674614
168 155528119
1879 689875565
447 406601185
1361 678621035
1792 67149349
598 535314343
939 913204465
755 640956961
1030 949535501
675 591090317
1570 444564896
1309 943827049
21 83245486
1436 524582484
1368 794395749
1344 365422994
1801 750858664
807 226312470
1562 172719529
985 172655
1788 933943956
1105 562206121
239 713655887
1168 972318647
1561 178019721
133 513782061
1405 973880367
865 894966722
699 952012128
496 339096137
799 16990995
317 824599379
1573 88452462
829 484831662
1894 495357275
1258 188452116
1865 950013984
1569 847066545
209 677893766
934 728753114
1820 324279132
1073 272428012
673 910772614
1442 679139224
995 11146666
94 208533200
1401 966945697
612 13327147
799 768179451
1313 831078590
776 543077059
1997 64918558
107 322517120
1239 192835676
669 599832912
1484 130765743
626 494242393
975 21288766
1182 619774468
589 399179915
1530 901537076
51 40591809
369 912107771
1554 775737382
944 656530132
970 468681884
931 982999454
1537 217642420
602 172565132
1905 352122015
1692 990893632
1939 998350237
353 830078893
832 86404455
1804 752364888
1508 583429819
461 191697804
218 631165733
476 58086995
1351 85917011
142 617779803
169 788813185
985 698621655
844 4860016
669 671901105
1943 489622658
1922 3927008
26 280136062
1035 215579739
567 890119303
1926 330580407
819 382421775
305 571801846
672 17329407
560 463323883
1467 165117569
1502 52158358
862 411967954
738 571453082
1818 621408175
85 461243737
1084 413355210
789 276430500
1165 57551290
1134 349004646
1629 746202006
1501 695181750
1768 194746907
1063 31930737
1850 131010242
1693 606106358
372 797656213
589 511500100
1035 983713693
1042 479543919
92 25643312
404 381490101
16 978072986
1751 950382339
1504 35085794
1548 411908692
1747 45454825
1973 447274086
1127 50856868
988 851970711
594 793608531
1551 734890344
275 41331349
1263 315146141
639 559516630
1862 10563066
673 19714676
616 331308450
604 513951185
1081 347526700
362 879990752
1387 214094424
989 519985975
1756 24832866
1677 387926068
1321 126217205
282 685111027
1724 847203206
526 579527688
1888 552114163
256 560268205
613 872526236
1025 483215275
1794 776918936
708 490311109
1769 349640463
1275 31919001
1917 483131076
769 583390968
105 54347548
1678 476732244
1054 430165388
522 277238929
1984 922994498
1998 480747917
1501 967328350
1524 666459351
1285 145784281
593 618383067
475 858221456
929 56894782
316 831221868
470 714019435
886 912130212
301 97704450
389 31891446
776 980961916
148 17355338
450 67236469
1650 966151750
1430 67655876
166 198334960
824 205535864
1004 32104
525 8030381
1247 55692124
457 248854624
553 992410165
479 195453029
842 495806343
1963 301023697
884 46498776
1203 201750360
915 787028014
1240 612207061
1750 259180314
1433 197087255
865 710072066
1002 561413526
1864 937050519
1336 366677508
614 411875589
1466 751819752
644 610328911
871 730265115
653 625642848
395 732404181
1095 983099689
310 144852838
1667 774507683
1269 483834907
175 630940445
966 571784773
896 92156982
1199 65697617
1847 268470782
440 481370959
739 25038916
1164 374474906
45 703255191
350 877521027
1108 754594875
1535 557660769
1020 8946915
46 334999403
1864 37034962
145 276490227
259 883373061
32 596164923
539 479797101
1728 533319336
871 621810276
1904 682334368
1795 770262510
276 795693991
1289 268308537
761 111328885
307 631377269
1753 877259641
1977 476472818
1648 129150608
1826 563893563
1549 569470490
656 625340229
1428 201113780
969 537169919
460 985055463
1873 678316147
820 938776353
1355 998167005
1818 413769378
217 485526318
364 324408969
677 34667752
1909 21112970
1469 775741933
795 62194367
1939 262718308
1812 968199788
1800 338463534
786 423590457
28 571141165
1358 720496773
89 623695536
245 228913181
274 27228366
391 747570400
1851 347513065
1059 716364004
1387 794016516
967 676033178
117 207996182
283 31300033
861 562702272
888 901423364
1212 374287619
998 519623896
288 365957247
1988 893268225
74 137020874
1635 20117584
309 42809092
741 742032158
289 20127242
1250 215486601
763 52813719
528 948728635
1622 317087700
756 509761489
147 734358213
115 787461217
530 845119384
389 29273621
1525 426272963
1285 802045740
383 337922481
976 48687680
1422 689883529
1119 615521410
536 832610933
630 92679352
1544 453133109
1623 680692373
726 714843324
1805 13530096
1935 496798605
1971 247555080
548 37106197
748 635306259
899 702472198
1927 54594004
1200 758651942
841 986213707
626 61993655
723 716092584
1727 632476983
98 808352292
73 329765562
1075 275947038
1118 24326536
1145 840770070
542 441154974
1615 712692296
1042 30507453
528 775187914
578 139278334
122 760447104
639 860360212
1540 57678383
396 44814334
580 670010675
581 551723828
1070 431685247
653 112523946
336 59842063
1777 698933321
779 571305853
1919 18641113
1371 669942224
1536 547093957
302 784604916
1801 365430753
1672 140248773
1355 299341002
837 974283016
727 679366155
514 735342456
200 670603225
557 732510926
1096 468831636
1635 759492349
586 65390171
1122 143888939
1041 49812780
171 920376367
1390 956594059
1991 723975679
1148 68687605
1121 759200794
1247 851421047
1101 680588527
1405 669421998
1126 521262285
1225 661717218
1814 753550584
1029 5913812
314 839185727
920 781753084
694 968793760
391 295718711
805 170905199
1072 916431060
166 306781344
915 31517789
226 33005579
307 263960331
1197 814774553
1099 546423530
1121 444362014
1254 450148535
1712 712120423
1807 832832861
213 612122872
1496 872124384
136 17231065
681 902176216
204 797084630
1454 33316217
518 119024982
1804 507316879
1604 949192851
1849 94635529
452 756063789
1400 435886344
1269 850584003
1801 13126533
922 66251918
451 20238960
1470 563870457
1592 265921310
1554 416586963
1270 264661955
1806 459853422
40 267864335
364 156544951
1545 825721574
1185 22860303
456 424406360
51 939051359
1405 463639661
254 64321149
1740 485411521
1382 430600963
1110 750509262
1949 174212443
1504 120532754
1281 141908253
146 399224286
755 25837566
779 41638214
513 365842308
194 620102263
1073 31907211
864 241335867
914 626704649
857 918421745
1582 487665230
1208 927312628
410 836777355
902 321747390
1726 793754226
1562 981255425
1165 899736846
1106 299536345
1936 342479883
1053 561579330
838 372246897
255 997706969
244 72584955
810 745185373
1095 933915271
558 621509337
1657 51113365
830 887785072
1073 375723510
431 205906725
442 576843147
242 910206036
1282 82231585
960 268664369
1718 237333986
1851 545244261
538 41652724
751 636416312
1303 500385607
1662 509693755
1142 48366625
748 176268888
438 40450875
410 36198215
958 254146886
461 971474490
109 504764805
1773 875722714
668 616475343
491 91813014
1348 292493657
1736 185724182
891 256063692
384 95477656
19 893037796
315 994402236
1200 825616341
681 928447423
1891 177652450
1968 314534009
428 53338462
15 405864098
583 335191990
380 935785278
78 329267469
173 424746238
1954 671246898
175 36302158
1172 996053989
764 71106621
1635 789364720
1546 428186906
496 495767824
1775 28049172
1933 575079953
129 798076034
492 100848647
1488 782980555
1177 317265874
580 977470623
741 418342740
1892 35463971
968 601160957
1838 839738576
637 767365811
634 889887625
99 734495833
1513 977800171
401 59639430
1925 279751763
1149 652106451
153 927078474
696 862623263
708 120850920
307 889562205
1964 585981287
1017 60528954
957 450006296
316 452111031
1044 511250226
1235 564386791
847 750301596
1665 202291303
1360 517423639
1823 115054608
303 497689
964 140563156
1808 298500421
1919 74813755
1148 426774299
470 665765458
1589 688278793
1416 104487339
1758 905664108
331 651250172
15 928711426
284 942061131
501 670389675
1231 3467387
746 527334653
1466 44936563
794 131044664
315 609288709
526 80728683
897 776774950
459 241729916
645 883561168
131 20494933
678 980979156
529 212118417
455 639796543
832 211589810
1401 62065685
190 265796333
250 784914310
221 312436586
1729 355459183
793 770913341
698 555505910
586 383578468
114 641164003
343 485527387
1891 967712158
1818 510644063
1177 927832042
754 792579086
1976 35825248
1519 4362565
1170 783966352
1544 138676525
818 545505338
1438 806532944
497 432665786
1778 904018267
198 604207004
25 816800197
966 862833670
625 35304963
1958 973413076
114 41018740
1133 19299141
1808 36975938
235 597958186
529 827223487
1357 939976570
913 7477028
1026 179829528
89 977218227
1688 60825399
40 783207238
1708 281482521
1966 511741876
76 368843287
180 727921137
1621 52445696
908 579853485
228 681535464
383 604346466
917 164515352
3 607688645
851 616027730
905 608822425
405 767615387
539 795060416
161 334866935
1046 617471546
1154 636552746
511 237486884
1184 84234695
1099 626525666
1037 872492127
320 893781966
292 378562799
1882 498471404
1932 373856054
591 892505287
1888 851936774
1675 791087225
1002 894935894
881 534302649
1755 40623893
551 679795557
158 483380386
1274 546160689
127 404640609
119 616228381
1051 940549530
988 508967275
925 891111630
888 62197461
1101 150353103
496 184922900
780 460798911
690 977349336
1511 716468596
1147 538156043
1423 509171498
1055 664893526
223 111043612
1626 897206339
1571 538054210
659 887600986
120 807275341
383 55752982
1734 924547195
1668 803477892
504 439388976
1957 484564296
542 189227669
1830 444645640
1746 280905240
457 861936374
847 23233108
1765 442943409
1082 422703796
151 330391866
1340 235301518
1014 836835330
779 479647526
151 388798783
679 120923982
1063 813168303
219 989758250
1864 967761558
1607 791427829
1136 785003191
630 22639495
1671 506459653
891 957737993
1728 851499987
1559 43062462
960 495693365
1270 684238122
265 73334892
355 715205604
581 874463640
718 886736516
1103 121426936
1879 9192134
871 808871852
1462 164285839
399 532418312
1521 494566634
1961 667001903
1802 171997843
479 649511501
588 63547817
1023 706244910
933 2968075
1195 301190305
488 125367663
303 211266239
1932 274032118
1574 663364665
543 784486051
1091 992087536
1011 353526911
355 7621546
1685 608496088
1039 642908524
64 222709235
260 984934257
1525 621435486
520 932063067
1729 937256153
1409 481192341
76 351893210
497 882294699
188 87276233
245 949615024
744 912605545
984 403956431
1597 134439142
572 166733619
683 962834505
1287 132239406
1670 302561915
1281 474742041
1724 685493520
1380 171652952
1519 802780411
1918 3445407
1236 990051193
190 960349171
507 362471382
1330 507935199
780 984820137
1825 777114850
218 657878140
1792 508694113
1914 935176522
1664 118325677
1976 751752508
1504 582224551
866 29177596
143 571251041
23 295708423
850 862812508
1718 942537694
1540 523669678
58 174716275
1637 826607548
761 681541716
1501 618417104
1273 245042626
1585 874073943
894 922484009
1040 650606885
1260 308365481
548 583008147
248 210057110
1689 884748666
786 196318399
886 37516859
817 63968323
1126 9589478
968 634585823
7 969684412
1782 30255520
636 495303122
930 248301501
1138 858624913
939 602011623
1688 807658859
796 488435947
1005 711072065
1123 435720601
1170 194709091
978 215792009
1921 6697810
807 97848130
1213 194796033
109 535801065
1997 797063414
1892 926478913
1271 63344336
223 388211080
1632 121058774
718 876971400
1728 612147100
1545 73127589
1611 530126818
97 97233278
751 189170857
218 276188686
761 62573602
749 101114738
107 879602617
1982 857279474
1541 442445449
1785 155142892
1884 39757995
1825 56426063
1773 841083666
750 257938167
1391 295259449
535 793116677
1657 447736123
362 382136185
1793 603168530
502 46580165
895 736817213
428 522280779
1120 578088736
1048 702329620
1450 661526945
432 275233545
558 16685604
1989 327594534
757 547506325
999 334727798
547 450559021
438 690817907
686 838830535
1363 158909232
338 898071333
1153 64590635
588 117343680
1505 693670779
1811 693850504
274 457521267
664 451085082
1390 103495900
1890 346019315
1481 753017039
502 884101269
517 140781850
250 969051211
409 635875351
231 679554944
1361 5386305
682 92858482
1113 265281318
1586 412739570
451 657092367
668 377823482
102 29389693
357 516082740
149 623997469
128 288863297
1570 341113005
1248 616914139
149 322800759
1157 593291786
584 62939628
882 522260341
1631 597385231
1777 782199056
752 713174321
1994 398826619
315 590220030
551 44759557
1426 303212257
578 786069543
330 37323160
1994 220470902
194 882420294
702 462081441
385 21628411
426 166073342
956 366459381
261 611666211
1419 207296463
955 514196479
1128 37641282
1583 82298526
1729 418227429
399 917639959
1770 68676470
1184 772186673
254 386660823
307 801452406
971 423083284
1142 956460523
1252 976340501
473 89100845
799 425612835
1307 656851117
810 379591756
771 850484437
587 430200474
146 314941962
166 100944425
610 857136788
1103 346379670
706 514644427
1542 883304240
438 967648582
1712 535458049
857 71893192
746 563904719
399 699512269
843 687593591
1351 409056980
1116 17044800
832 347061452
1341 650143714
597 684286102
278 855472335
1218 597296542
1702 820566722
239 214762695
1834 39996686
1210 972000579
815 200181385
711 27326633
1864 569938351
1337 568445335
750 842108673
36 20415768
1877 488778286
1317 519951017
1534 696435067
240 308114005
797 99880126
143 578477071
292 807069508
1137 421910873
558 773732300
1430 128093207
465 149245011
81 414664994
974 327153710
364 840423393
356 2061528
482 852263911
1895 715892377
853 15277815
1438 831662138
1458 284005821
112 346744082
99 427068654
83 968294057
374 180550084
1307 357587112
1117 826726098
119 150080649
921 281943596
447 793158271
1417 14733418
470 803891527
921 48456204
906 287786978
555 536518529
1022 591879767
639 65055320
52 77666152
1673 798741281
226 499397053
1367 792318351
878 191127977
1304 789519288
1931 429989887
1892 25909195
1270 869586444
1063 46698802
1989 83638944
1356 60851543
1153 439531753
1352 247642185
1107 192043490
890 252389227
577 172201555
1977 235159277
773 206692087
231 142631004
1179 675510616
424 354383015
250 783917172
1606 151865066
1608 21980474
374 192163313
665 600303100
590 452455609
1444 985122251
1534 440965583
569 855399298
1965 535904801
201 550650994
1434 509620810
988 36631350
391 889829585
1392 995021957
1764 282085393
1389 663028679
1103 809005548
1048 431217965
1856 28011576
804 911604299
158 932584785
1219 245691335
1066 880869013
502 716255608
100 188231721
1369 822978179
1624 605051812
717 52865994
592 546760366
1570 408245733
1973 267719435
420 576565005
1595 667448947
1209 54041417
283 276955755
1280 682455885
317 474399392
191 582716764
531 393630933
1866 744428529
442 946036396
1034 335964133
515 81514555
16 136611602
1926 685095396
1374 320042708
1994 975582834
1043 477456839
1000 241840596
834 549553666
679 73032706
332 748206478
1088 731813569
989 685535441
1145 181232979
1611 105771974
254 756852263
514 161807271
1983 961182389
1007 9267010
876 351916266
1385 811745856
620 824309180
1249 12670643
1184 155158119
1989 360922477
477 190745298
513 170141941
1333 348605328
1017 796863088
279 580700885
564 821012470
658 70983381
1128 201118564
353 339615070
867 774519682
1563 219639715
1753 353830468
1590 706209847
1425 600440317
313 573869002
75 448843819
362 985370967
591 88737230
1212 538766288
1714 377704850
917 476441178
952 911592963
1319 226167747
863 464865753
609 620256134
1989 87443659
533 71417761
334 195844602
1350 1810908
999 985250676
1785 171781721
1259 88961430
1231 482100215
311 426483886
1819 460641086
1726 743749060
1409 670967722
1395 459922462
651 412146194
1132 304102314
1772 111563424
128 489511479
1117 509753166
464 196226545
249 150848897
51 883288862
508 919785191
939 591194787
215 73113868
920 440002440
937 272315920
539 411035757
1037 817383998
1626 659503671
968 1531349
476 243196721
1101 15854463
1699 601822613
1641 806495836
1877 5458314
791 63020963
1534 389761940
635 943952551
1520 702676766
374 130540536
979 10697124
1056 667133815
446 987974870
767 228763876
253 808691803
1556 794156024
810 6014378
1080 44801185
248 923740459
1281 25872962
1545 446168771
1408 362999082
1775 857823575
1408 944729444
246 196729692
1114 765543777
312 274603852
1123 780289288
282 846994231
48 915514371
1577 314302171
1039 640783901
1848 53256412
983 98041460
1035 62206728
1798 430818393
1425 140859496
621 210757505
485 63548849
776 61170327
319 545100874
349 565801255
1773 663357917
1866 564784136
1408 614114816
833 657200905
587 610265043
1199 844037757
1179 6251778
1884 959112058
214 714909335
655 736075976
1502 557171932
1825 177369569
401 483464820
1596 9014650
468 532657647
888 356581129
505 811060305
1840 215964411
193 67684882
1432 27599404
1926 329414635
1491 47968038
1893 838414648
1007 525436990
1029 71206773
1373 628303462
1481 8996768
91 808443472
1240 763469705
835 803055474
1513 820648486
542 138630842
458 178273198
1322 423342090
766 78543093
274 309584592
449 936506851
1219 165056502
19 922169674
127 778894108
648 572557000
835 897546287
1510 694708384
1354 828114825
1153 763616991
736 818415129
1512 60171363
1811 328284835
857 141747546
1930 235814037
1959 80033578
1675 308943013
1076 56932316
1110 307169431
909 385393073
945 441737532
1570 232739232
2000 140925055
491 86682431
184 84851245
1607 122789825
1513 397173003
1470 451802887
635 654751351
1935 495983462
1218 963372519
788 564383653
1559 981124843
1165 781342565
416 119282967
790 50537816
467 667573695
1751 69375140
613 307650998
899 657698545
840 802879831
1736 159858389
1533 373145164
1105 628092118
380 65781664
1476 809998846
1070 323727553
1565 192799871
171 681096091
1039 725114937
98 334757107
1497 549843736
1536 680428226
1861 171650300
1525 14840829
1291 384232494
1614 492553576
877 390672098
1460 261646662
528 455590453
1355 418680116
67 197251606
518 572624991
1400 291630715
1923 643269216
450 224805569
1297 522915227
507 328647061
633 468164007
148 4925370
703 604535322
196 823272028
905 305658774
889 6098192
1908 66157363
1047 253614100
1374 382043671
1526 279991754
234 942266293
1626 973708056
307 157868318
715 23914547
35 572051069
1855 494924022
703 139461260
385 955274901
553 638912552
980 135347842
1190 856559166
1919 350019801
1963 755721752
1598 483538025
746 549378535
748 908860907
331 682214589
1224 701458303
3 825476020
1487 23130367
212 324750247
1713 30746421
702 370777754
980 451599423
1094 268176043
1506 892204417
570 358874948
1913 285872296
1888 35247998
1519 565111234
255 230794687
1000 522957580
72 43610525
1225 504731934
1685 854866263
1263 802284059
1571 966517836
1711 19409174
1161 862847268
1981 290183570
897 138614206
307 6495914
135 510309201
1249 414531949
1378 235592410
1231 50285169
1905 933131400
708 850667651
1619 117874656
1532 891246815
1388 353976188
311 438073632
1926 598038986
1451 145602369
51 17134249
108 691491944
47 157528029
1022 298368316
327 635796973
1336 568870966
1414 225717330
45 757222232
217 957259022
1151 65399393
1185 162925167
1357 872538246
1742 698321558
1878 870921478
1309 87872250
268 566193586
121 266851853
816 194145829
318 873606519
750 540045853
1944 440283770
195 267272719
1922 61559153
1913 592964024
1324 503815796
321 241385518
281 66515059
565 278597769
1020 397032517
519 297726038
841 736402176
1515 342816263
1226 540217301
1694 806329541
80 36028721
1142 658040814
1378 879222825
1381 173404315
866 191334594
1712 903104426
53 38638697
1452 539358664
492 594039900
637 147455933
749 107593045
1265 437158762
422 325060727
323 16364115
726 10136760
1776 493282236
696 483500536
1755 710497937
1466 603432539
1883 384032582
1504 578076301
1736 65620918
1240 704633458
342 533079987
1972 65118230
62 468054177
1809 704256605
1563 407235520
1112 236392392
1299 459224878
470 614116911
1934 153798578
1356 561499538
1438 750890521
347 936391184
478 703243509
969 976817485
585 754250795
1856 859651070
849 374124170
930 660550003
1900 124665223
1383 769741845
1447 352286642
558 549050930
37 116636978
1273 170765216
785 259711238
438 745945201
30 964281692
1121 250938175
669 769380659
578 449054736
99 532659513
398 954743376
1864 688331866
1751 405472271
242 440844920
425 429162842
38 204226806
1120 461614738
1489 782247505
1002 626015100
1801 373268791
1775 933460715
10 217688555
997 188779682
351 11390033
1213 556458045
1201 508096833
992 20157355
674 756955353
158 657573113
1959 57449358
727 38885320
1185 640139125
1 839484026
1384 508931620
320 904669900
639 282680
1342 238159425
670 125569549
58 79011372
1701 62974601
1556 799879054
940 952041985
608 814665361
715 347843348
990 372170150
368 368218835
387 351319057
1817 433631787
332 538761515
782 44094494
28 771168054
1615 314458178
884 839205052
1110 947668250
606 718952598
978 50424100
1340 146274092
1533 385559976
1939 60751816
280 789184535
1704 678232123
1176 293123405
663 288747661
920 765370791
1361 208390526
1652 303883364
903 204283836
615 53383255
1672 558706676
752 14281402
1519 929153969
557 820797464
1600 618058114
1164 939454756
1474 731986228
1046 875561881
1610 582605399
802 223057900
51 82778082
1084 743895188
1350 395524545
1661 51995884
1581 925133462
67 41343432
629 291506517
713 258022317
1214 887401755
285 864078329
1057 997567341
1963 747426038
642 12228542
1553 530344823
799 752553947
1293 425228235
1478 389692259
1762 198209256
839 689499025
1380 746310081
1065 21440992
610 201710383
525 288069010
732 498720554
533 84564303
1910 71919335
871 182969134
787 915324741
988 67366197
138 334680148
1250 879661928
1657 30030588
184 719734314
1289 73067339
1820 669758723
581 22345712
346 991939620
435 25961327
1906 665030047
1433 56945795
23 595067360
746 52273247
1632 26817293
1533 367870588
1837 28894815
1065 372439319
850 538804654
1726 811357839
859 572611546
1539 436803546
232 624462004
1370 61760620
434 794423616
1930 5873598
802 884341012
1046 480337754
1505 279864344
1548 103460849